name: p2pmft
channels:
  - pytorch
  - defaults
dependencies:
  - _libgcc_mutex=0.1=main
  - _openmp_mutex=5.1=1_gnu
  - blas=1.0=mkl
  - bzip2=1.0.8=h5eee18b_6
  - ca-certificates=2024.7.2=h06a4308_0
  - cudatoolkit=11.0.221=h6bb024c_0
  - freetype=2.12.1=h4a9f257_0
  - giflib=5.2.1=h5eee18b_3
  - gmp=6.2.1=h295c915_3
  - gnutls=3.6.15=he1e5248_0
  - intel-openmp=2021.4.0=h06a4308_3561
  - jpeg=9e=h5eee18b_1
  - lame=3.100=h7b6447c_0
  - lcms2=2.12=h3be6417_0
  - lerc=3.0=h295c915_0
  - libdeflate=1.17=h5eee18b_1
  - libedit=3.1.20221030=h5eee18b_0
  - libffi=3.2.1=hf484d3e_1007
  - libgcc-ng=11.2.0=h1234567_1
  - libgomp=11.2.0=h1234567_1
  - libidn2=2.3.4=h5eee18b_0
  - libopus=1.3.1=h7b6447c_0
  - libpng=1.6.39=h5eee18b_0
  - libstdcxx-ng=11.2.0=h1234567_1
  - libtasn1=4.19.0=h5eee18b_0
  - libtiff=4.5.1=h6a678d5_0
  - libunistring=0.9.10=h27cfd23_0
  - libuv=1.44.2=h5eee18b_0
  - libvpx=1.7.0=h439df22_0
  - libwebp=1.3.2=h11a3e52_0
  - libwebp-base=1.3.2=h5eee18b_0
  - lz4-c=1.9.4=h6a678d5_0
  - mkl=2021.4.0=h06a4308_640
  - mkl-service=2.4.0=py38h7f8727e_0
  - mkl_fft=1.3.1=py38hd3c417c_0
  - mkl_random=1.2.2=py38h51133e4_0
  - ncurses=6.4=h6a678d5_0
  - nettle=3.7.3=hbbd107a_1
  - ninja=1.10.2=h06a4308_5
  - ninja-base=1.10.2=hd09550d_5
  - numpy-base=1.24.3=py38h31eccc5_0
  - openh264=2.1.1=h4ff587b_0
  - openjpeg=2.4.0=h3ad879b_0
  - openssl=1.1.1w=h7f8727e_0
  - pillow=10.0.1=py38ha6cbd5a_0
  - pip=23.3.1=py38h06a4308_0
  - python=3.8.0=h0371630_2
  - pytorch=1.7.0=py3.8_cuda11.0.221_cudnn8.0.3_0
  - readline=7.0=h7b6447c_5
  - setuptools=68.0.0=py38h06a4308_0
  - six=1.16.0=pyhd3eb1b0_1
  - sqlite=3.33.0=h62c20be_0
  - tk=8.6.12=h1ccaba5_0
  - torchaudio=0.7.0=py38
  - torchvision=0.8.0=py38_cu110
  - typing_extensions=4.7.1=py38h06a4308_0
  - wheel=0.41.2=py38h06a4308_0
  - x264=1!157.20191217=h7b6447c_0
  - xz=5.4.5=h5eee18b_0
  - zlib=1.2.13=h5eee18b_0
  - zstd=1.5.5=hc292b87_0
  - pip:
      - absl-py==2.0.0
      - cachetools==5.3.2
      - certifi==2023.11.17
      - charset-normalizer==3.3.2
      - contourpy==1.1.1
      - cycler==0.12.1
      - cython==3.0.6
      - cython-bbox==0.1.5
      - dataclasses==0.6
      - einops==0.7.0
      - et-xmlfile==1.1.0
      - ffmpeg==1.4
      - filelock==3.13.4
      - fonttools==4.46.0
      - fsspec==2024.3.1
      - future==1.0.0
      - fvcore==0.1.5.post20221221
      - google-auth==2.25.1
      - google-auth-oauthlib==1.0.0
      - grpcio==1.59.3
      - huggingface-hub==0.22.2
      - idna==3.6
      - importlib-metadata==7.0.0
      - importlib-resources==6.1.1
      - iopath==0.1.10
      - kiwisolver==1.4.5
      - lap==0.4.0
      - llvmlite==0.41.1
      - markdown==3.5.1
      - markupsafe==2.1.3
      - matplotlib==3.7.4
      - motmetrics==1.4.0
      - numba==0.58.1
      - numpy==1.23.5
      - nvidia-ml-py==12.535.133
      - oauthlib==3.2.2
      - opencv-python==4.8.1.78
      - openpyxl==3.1.2
      - packaging==23.2
      - pandas==2.0.3
      - portalocker==2.8.2
      - progress==1.6
      - protobuf==4.25.1
      - psutil==5.9.6
      - pyasn1==0.5.1
      - pyasn1-modules==0.3.0
      - pycocotools==2.0.7
      - pyparsing==3.1.1
      - python-dateutil==2.8.2
      - pytz==2023.3.post1
      - pyyaml==6.0.1
      - requests==2.31.0
      - requests-oauthlib==1.3.1
      - rsa==4.9
      - safetensors==0.4.3
      - scipy==1.10.1
      - tabulate==0.9.0
      - tensorboard==2.14.0
      - tensorboard-data-server==0.7.2
      - tensorboardx==2.6.2.2
      - termcolor==2.4.0
      - thop==0.1.1-2209072238
      - timm==0.9.16
      - tqdm==4.66.1
      - tzdata==2023.3
      - urllib3==2.1.0
      - werkzeug==3.0.1
      - xmltodict==0.13.0
      - yacs==0.1.8
      - zipp==3.17.0
prefix: /home/vranlee/.conda/envs/p2pmft
